---------
Parameters: UN leb 100
Q = 0.766051
---
Number of elements: 3803
Number of lists: 482

147: 33 56 79 97 135 195 210 232 240 273 277 282 284 286 340 352 359 364 366 396 398 421 439 491 525 537 551 560 605 606 608 650 702 708 844 858 886 979 981 990 1091 1105 1123 1140 1161 1179 1304 1319 1322 1338 1418 1447 1469 1476 1506 1535 1569 1617 1644 1669 1671 1820 1835 1872 1897 1925 1929 1971 1979 2020 2034 2079 2155 2166 2201 2247 2282 2287 2309 2330 2358 2367 2401 2410 2426 2476 2493 2520 2558 2561 2626 2691 2705 2707 2732 2765 2775 2864 2871 2909 2926 2970 3010 3031 3037 3046 3055 3103 3121 3151 3152 3162 3200 3202 3226 3248 3252 3271 3301 3308 3309 3312 3314 3334 3361 3364 3371 3378 3423 3425 3446 3458 3513 3534 3561 3573 3579 3604 3615 3661 3663 3684 3705 3710 3745 3749 3778
129: 4 12 47 73 77 93 103 105 106 107 138 173 184 185 201 217 226 236 280 290 346 355 373 386 400 423 452 529 545 547 566 575 603 697 703 734 749 751 885 935 1030 1042 1052 1065 1078 1082 1092 1106 1169 1204 1275 1370 1412 1446 1486 1490 1494 1540 1582 1583 1621 1652 1660 1686 1689 1693 1707 1747 1774 1826 1910 1921 1967 1969 2017 2045 2046 2092 2139 2150 2228 2246 2280 2327 2383 2389 2452 2459 2463 2560 2562 2631 2634 2644 2741 2757 2769 2771 2852 2854 2876 2879 2888 2896 2932 2985 2996 3012 3109 3110 3119 3216 3230 3231 3239 3274 3284 3320 3373 3415 3416 3443 3447 3461 3590 3626 3711 3744 3761
124: 31 49 127 196 199 212 230 259 265 266 326 327 343 363 391 429 460 568 611 649 672 843 903 933 939 942 959 1067 1084 1090 1114 1136 1159 1170 1176 1193 1196 1210 1390 1467 1485 1544 1631 1683 1684 1716 1752 1761 1803 1850 1905 1935 1945 1949 1960 1963 1981 2006 2089 2118 2130 2158 2184 2204 2219 2262 2299 2342 2350 2370 2381 2388 2425 2440 2450 2454 2491 2508 2522 2543 2633 2659 2665 2694 2738 2740 2766 2787 2857 2944 2955 2957 2988 3027 3049 3075 3096 3099 3116 3140 3142 3176 3185 3193 3209 3273 3275 3285 3290 3338 3379 3402 3453 3455 3487 3526 3569 3580 3588 3631 3640 3717 3796 3797
78: 92 94 161 163 165 186 189 203 425 486 563 619 640 681 737 796 800 817 894 905 964 987 1040 1045 1049 1051 1102 1150 1205 1219 1399 1549 1607 1627 1628 1714 1950 1970 2016 2097 2098 2133 2136 2187 2264 2355 2402 2435 2447 2477 2503 2586 2720 2722 2788 2847 2872 2907 2914 3091 3160 3219 3236 3266 3277 3372 3433 3445 3546 3550 3571 3603 3624 3642 3757 3759 3782 3794
57: 16 51 76 112 158 188 204 287 295 434 516 536 626 752 814 827 835 932 955 1059 1060 1232 1253 1259 1332 1353 1410 1620 1736 1842 1849 1853 1975 2009 2029 2096 2113 2185 2195 2411 2418 2519 2612 2646 2768 2800 2823 2846 2890 2969 2982 3033 3179 3341 3408 3412 3533
56: 10 25 46 120 131 246 374 393 444 450 455 628 638 816 874 915 957 1039 1141 1165 1182 1383 1517 1518 1572 1577 1579 1604 1665 1668 1710 1745 1893 1958 2036 2106 2156 2253 2293 2343 2400 2413 2468 2483 2556 2701 2812 3051 3088 3118 3188 3264 3336 3472 3672 3755
51: 119 147 253 305 354 465 482 558 609 687 875 911 977 1064 1079 1115 1131 1134 1142 1151 1168 1172 1289 1293 1449 1487 1562 1798 1878 1995 2076 2087 2104 2146 2270 2340 2495 2557 2826 2902 2975 3061 3084 3087 3168 3197 3344 3466 3508 3517 3630
48: 187 235 237 245 531 665 707 909 1033 1044 1048 1213 1344 1351 1406 1411 1465 1477 1484 1701 1730 1749 1838 1839 1904 1907 1912 1932 2145 2211 2289 2316 2317 2336 2337 2416 2580 2983 3070 3214 3293 3348 3452 3479 3521 3541 3724 3795
46: 64 67 108 110 170 193 267 330 500 583 704 795 863 880 928 951 963 1028 1062 1125 1292 1367 1458 1507 1522 1586 1677 1978 2023 2193 2384 2398 2521 2601 2674 2848 2900 2999 3044 3125 3149 3238 3260 3337 3420 3648
46: 205 252 313 347 544 639 673 717 754 832 857 902 958 994 1088 1127 1237 1306 1421 1516 1530 1906 1953 1954 2088 2101 2131 2272 2295 2507 2559 2758 2839 2986 3068 3220 3389 3400 3424 3469 3506 3595 3608 3610 3718 3726
45: 65 175 613 790 898 948 1070 1138 1187 1474 1615 1718 1737 1991 2044 2052 2143 2168 2318 2344 2375 2419 2518 2664 2734 2831 2925 3015 3129 3203 3263 3327 3377 3396 3441 3505 3524 3555 3618 3656 3658 3662 3706 3742 3791
41: 84 136 177 293 395 466 485 503 595 607 637 741 876 1013 1341 1489 1546 1680 1741 1794 2181 2237 2245 2348 2497 2533 2553 2653 2656 2777 2818 2881 3034 3039 3097 3242 3259 3311 3504 3512 3674
39: 198 262 332 430 629 900 993 1143 1180 1276 1326 1386 1448 1478 1764 1788 1833 1857 1901 1934 1956 1962 2116 2140 2241 2399 2428 2582 2764 2918 3080 3212 3247 3307 3316 3495 3538 3645 3721
35: 83 216 224 309 334 499 642 722 839 850 865 890 949 1031 1124 1139 1156 1167 1236 1415 1773 1802 1851 2004 2182 2224 2266 2434 2763 3021 3227 3253 3597 3729 3740
34: 11 54 118 247 308 360 405 496 517 714 936 1012 1077 1086 1212 1216 1228 1286 1481 1780 1832 1951 1980 2048 2164 2409 2431 2980 3089 3351 3375 3462 3688 3762
34: 6 60 78 166 238 310 316 590 834 1111 1200 1440 1453 1511 1596 1859 1914 2179 2274 2338 2347 2544 2564 2684 2733 2752 2783 3038 3054 3251 3326 3537 3671 3768
34: 100 255 315 324 406 597 686 694 711 794 821 1186 1241 1244 1452 1501 1769 1892 2105 2115 2225 2279 2291 2781 3093 3180 3390 3429 3492 3582 3665 3681 3713 3728
33: 134 219 225 302 328 655 723 805 888 978 1036 1098 1265 1321 1346 1559 1757 2144 2236 2526 2608 2624 2672 2754 2971 3057 3073 3175 3206 3350 3530 3601 3654
32: 24 81 251 276 356 399 415 557 724 906 1185 1361 1380 1441 1778 2071 2321 2430 2448 2666 2811 2945 3020 3171 3352 3485 3598 3611 3655 3678 3689 3735
32: 66 70 278 349 501 561 780 824 842 930 1116 1184 1194 1209 1245 1557 2012 2022 2191 2192 2304 2312 2438 2473 2803 2840 2880 3067 3201 3288 3322 3570
31: 30 153 358 576 641 705 759 778 789 934 1147 1235 1313 1471 1475 1480 1561 1738 1896 2007 2011 2030 2137 2319 2323 2387 2488 2730 2774 2987 3369
31: 7 48 370 470 512 554 645 762 766 877 1599 2090 2186 2283 2332 2492 2499 2579 2622 2696 2725 2894 2992 3107 3137 3204 3527 3612 3696 3741 3792
30: 130 190 574 710 750 896 947 1046 1173 1352 1433 1565 1915 2129 2141 2167 2227 2244 2423 2486 2858 2940 3062 3108 3173 3292 3411 3515 3737 3752
29: 109 288 341 387 668 684 856 891 1047 1272 1391 1560 1602 1939 1965 1990 2217 2382 2455 2462 2662 2836 3138 3289 3356 3480 3657 3793 3799
29: 53 113 124 241 298 368 419 520 553 695 808 840 1000 1248 1278 1606 2059 2085 2103 2254 2364 2799 2941 3023 3043 3112 3542 3575 3801
28: 44 271 478 621 625 730 777 945 1128 1277 1288 1610 1672 1816 2328 2403 2539 2552 2573 2590 2742 2804 2892 3224 3279 3313 3365 3563
27: 19 52 269 375 527 765 802 996 1445 1818 1886 2070 2110 2306 2310 2595 2618 2643 2721 2976 2998 3002 3268 3419 3591 3594 3664
27: 162 270 418 442 457 570 651 873 920 1222 1520 1576 1841 1861 2163 2197 2589 2827 2936 2960 3223 3256 3330 3493 3629 3748 3760
27: 86 515 549 579 581 781 788 831 848 870 980 1029 1157 1425 1632 1889 1994 2445 2464 2478 2919 3063 3228 3353 3489 3606 3667
26: 74 202 299 314 361 380 464 632 728 854 1262 1435 1438 1479 1898 1918 2083 2359 2850 2927 3030 3083 3211 3300 3362 3422
25: 2 209 215 301 508 813 836 881 937 946 1001 1025 1074 1163 1249 1454 1590 2050 2061 2688 3136 3194 3296 3605 3719
24: 183 476 556 614 663 744 864 989 1498 1553 1715 1810 2019 2066 2261 2298 2479 2615 2806 2995 3024 3101 3646 3670
23: 438 534 612 916 925 1133 1195 1279 1307 1349 1398 1594 1768 2042 2301 2307 2412 2794 3222 3519 3564 3568 3754
21: 129 214 254 492 661 810 871 1119 1154 1242 1271 1376 1558 1563 1681 2203 2216 2649 2853 3254 3281
21: 68 206 443 540 763 983 1233 1315 1521 1655 1685 1744 1754 2073 2138 2422 2915 3058 3082 3359 3566
20: 98 156 159 378 828 1027 1337 1508 1534 1548 1567 1662 1855 2176 2368 2525 2554 2574 2950 3434
20: 260 263 307 447 571 859 910 962 992 1158 1639 1721 1848 2267 2325 2592 2897 3520 3586 3781
20: 311 446 587 995 1175 1356 1725 1927 1998 2142 2234 2670 2802 3133 3234 3323 3329 3467 3510 3746
20: 141 489 564 869 1771 1809 1955 1992 2058 2451 2514 2746 3029 3294 3303 3349 3406 3556 3621 3707
20: 524 999 1015 1085 1093 1108 1320 1830 1931 2024 2102 2324 2334 2795 2949 3283 3503 3673 3734 3751
20: 192 319 538 633 739 823 846 879 1023 1450 1575 2121 2528 2782 2912 3191 3494 3552 3633 3680
19: 95 229 244 274 351 480 598 709 784 1238 1532 2220 2258 2548 2617 2687 2700 2821 3028
19: 9 40 122 154 413 427 567 699 798 1201 1214 1911 2948 3086 3276 3302 3442 3557 3771
18: 123 139 392 402 436 453 479 701 1339 1430 1462 1584 2513 2640 2678 2704 2934 3105
18: 350 357 462 502 513 550 818 907 1019 1409 1497 1702 1943 2120 2713 2791 2937 3032
18: 57 117 318 420 746 1223 1389 1500 1524 1597 1616 1767 1868 1997 2596 2632 2952 3392
18: 142 321 497 1401 1551 1564 1742 1940 2060 2474 2751 2755 2917 3071 3404 3417 3478 3491
18: 29 600 634 775 1022 1117 1225 1395 1416 1630 1805 2555 2642 2680 2756 2830 3014 3325
18: 32 58 1622 1787 1985 2033 2075 2084 2108 2127 2529 2729 2761 3367 3407 3418 3548 3733
17: 771 1266 1405 1647 1720 1847 2013 2190 2466 2551 2654 2851 3095 3174 3278 3628 3652
17: 372 785 893 960 1291 1318 1598 2054 2057 2069 2209 2443 2506 2625 2931 3299 3636
17: 128 700 791 852 953 1261 1373 1419 1442 1713 2126 2457 2832 3376 3560 3653 3769
16: 768 776 913 1011 1393 1407 1533 1570 1740 1989 2256 2415 2537 2808 2905 3345
16: 258 379 833 1132 1246 1613 1656 1682 2086 2232 2433 2542 2636 2689 2726 3106
16: 285 408 412 675 965 1782 1840 2031 2067 2393 2460 2584 2585 3243 3385 3676
16: 111 338 369 416 755 1058 1330 1819 2072 2229 2292 2856 2913 2961 2981 3240
16: 716 797 887 1043 1109 1422 1434 1729 1808 2109 2157 2581 3076 3448 3468 3727
15: 36 148 320 409 691 712 822 1503 1751 2405 2569 2724 2835 2861 2933
15: 291 1183 1335 1643 1691 1762 1919 2230 2575 2619 2620 2638 2639 2845 3783
15: 143 481 647 748 758 1181 1496 1801 1973 2252 2545 2715 3007 3154 3196
15: 145 261 867 884 1368 1817 2010 2510 2702 2833 2886 3306 3540 3576 3785
15: 3 213 530 838 970 1149 1177 1388 1920 1976 2100 2273 2895 3399 3585
14: 233 646 715 878 1071 1258 1296 1424 1722 1888 2322 3192 3583 3774
14: 55 197 679 956 1020 1811 1856 1863 2015 2614 2796 2939 3114 3343
14: 140 279 1112 1536 1633 1823 1984 2743 3042 3229 3298 3498 3602 3714
14: 223 424 532 1619 1674 1748 1987 2475 2603 3000 3144 3304 3427 3627
14: 228 292 487 591 596 604 735 1037 2380 2480 2860 3516 3574 3607
13: 256 268 384 543 1230 1355 1400 1785 2077 2470 2523 2637 3650
13: 146 407 433 648 938 985 998 1290 1439 1461 1933 3398 3620
13: 475 483 1094 1152 1190 1539 1603 1635 2372 2540 2655 3522 3775
13: 593 652 660 738 1006 1061 1793 1899 2111 2165 2628 2792 3677
13: 82 294 297 1270 1443 1470 1786 1948 2196 2271 2408 3090 3182
12: 303 468 809 1727 1799 2198 2284 2908 2972 2979 3333 3545
12: 333 389 656 1310 1542 1556 1881 1928 2265 2373 2538 3148
12: 348 367 1260 2147 2320 2549 2667 2692 2718 2748 2978 3766
12: 21 37 484 657 693 967 975 1394 1704 1946 3381 3644
12: 1342 1634 2041 2417 2424 2494 2577 2869 2968 3388 3767 3786
12: 432 662 713 719 1696 1814 2285 2604 2645 3246 3470 3634
12: 26 542 753 825 1301 1795 1964 2043 2148 2822 2974 3722
12: 528 569 586 599 982 1121 1402 1765 2453 2627 2922 3092
11: 234 249 622 677 1354 1791 2456 2867 2953 3198 3694
11: 306 510 807 1146 1657 1760 2277 2747 2842 3386 3691
11: 137 1331 1739 1924 2394 2762 2805 2874 2964 3072 3743
11: 168 631 761 1327 1488 2208 2397 2465 3003 3060 3286
11: 522 1056 1057 1075 1174 1595 1822 2175 2215 2302 3482
11: 174 573 584 815 1050 1515 1673 2199 2502 3155 3659
11: 221 585 1581 1695 1759 2213 2779 3287 3387 3426 3593
10: 803 1016 1110 1922 2062 2125 2745 3577 3716 3764
10: 264 779 940 1010 2026 2188 2602 2712 3006 3451
10: 1211 1300 1413 1525 2512 2534 2709 2807 3011 3078
10: 75 85 172 1120 1281 1403 1468 2536 2962 3699
9: 767 1032 1034 1100 1243 1316 1781 1884 2386
9: 770 1252 2099 2226 2578 2690 3497 3528 3549
9: 99 819 860 2504 2541 2605 2630 2790 2793
9: 20 114 191 376 1372 2300 2611 3019 3026
9: 5 620 667 1493 1709 1916 2170 3518 3765
9: 345 382 1364 1815 1941 2490 2547 3280 3589
9: 126 1099 1135 1144 1220 1790 1952 2335 3225
9: 23 167 555 617 1009 2178 2609 2977 3401
9: 63 559 666 1018 1492 1789 1966 2935 3444
9: 182 388 757 774 1285 1526 1612 1883 2351
9: 594 1076 1294 2235 2439 2458 2834 3218 3800
9: 601 971 1217 1295 1374 1750 1938 2866 3772
9: 659 1375 1877 2049 2160 2210 2286 2798 3730
8: 231 872 919 1491 1528 2841 3134 3584
8: 91 682 804 1107 1645 1947 2391 2815
8: 281 506 521 1844 1908 2005 3354 3432
8: 1 1309 1731 1824 1996 2505 2516 2685
8: 300 304 696 984 1758 1968 3132 3161
8: 102 904 973 1523 1772 2951 3488 3780
8: 1066 1273 1626 1734 1784 3244 3261 3535
8: 121 441 562 812 1825 2946 3465 3532
8: 1162 1692 2345 2663 2959 3405 3486 3587
8: 1221 1611 1854 2281 2496 2772 2862 3554
8: 1269 1678 2218 2973 3616 3622 3639 3679
8: 80 1192 1329 1531 1885 2172 3045 3159
8: 671 1234 1325 2621 2778 2820 3123 3178
8: 34 71 169 222 456 635 3430 3685
7: 353 1550 2303 2446 2920 2956 3456
7: 1155 1250 1831 1843 2177 2789 2810
7: 404 493 676 1003 2809 2893 2967
7: 1472 1588 1732 1864 1865 1902 3335
7: 435 1358 2032 2550 2613 2749 3784
7: 451 1345 1580 2356 2739 2750 3723
7: 144 1700 2047 2607 2849 3207 3339
7: 463 1385 2333 2427 2759 2817 3052
7: 580 1068 1129 1875 2123 2449 3321
7: 207 1527 1705 1706 1993 3632 3683
7: 227 539 853 3113 3382 3394 3553
7: 720 923 986 1712 2082 3221 3697
7: 35 922 931 1618 1676 3638 3651
7: 742 1743 1917 2404 2588 2598 2728
7: 17 157 592 1585 3235 3262 3476
7: 8 218 495 683 1002 1552 1913
7: 769 917 1451 1679 1974 3475 3776
7: 283 1541 1807 2250 2390 3507 3709
7: 943 1054 1874 2000 2152 2269 3481
7: 115 1008 1312 1624 1763 2329 2683
7: 50 180 335 1126 2482 2882 3788
6: 826 1703 2371 2801 3183 3437
6: 289 422 1663 2275 2629 3463
6: 908 1207 1547 2576 3328 3514
6: 312 339 1247 1894 2744 3064
6: 45 616 927 2421 2481 3637
6: 1130 1251 1314 1357 2233 3117
6: 1986 2392 2923 2990 3368 3700
6: 2149 2308 2442 2686 2825 3690
6: 588 921 1783 2064 2276 2838
6: 87 941 1038 2255 3473 3623
6: 698 706 1303 1350 2784 3559
6: 88 445 1464 2437 2531 3059
5: 830 2673 3324 3732 3770
5: 991 1263 1779 2056 2509
5: 1017 1229 1343 2313 3614
5: 1113 1218 1601 3048 3701
5: 125 1055 1231 3295 3609
5: 1191 2357 2429 2675 3269
5: 1197 1199 1202 1495 2610
5: 383 494 1095 2093 2714
5: 1267 2568 2786 3391 3625
5: 132 1837 2094 2641 2911
5: 397 1755 2489 3025 3484
5: 410 1226 1930 2583 2837
5: 13 27 1463 1654 3282
5: 1587 1664 2374 2587 3483
5: 1636 1923 2379 2546 3501
5: 1642 1866 2112 2910 3725
5: 1711 1880 3305 3413 3787
5: 1804 1944 2288 2824 3357
5: 160 692 1887 2124 2717
5: 171 511 1982 2904 3617
5: 2159 3539 3592 3669 3715
5: 577 1426 2117 2906 3077
5: 578 1988 2565 3187 3750
5: 624 1846 2361 2570 2650
5: 636 1537 2035 2132 2703
5: 654 868 1770 2311 3022
5: 658 845 2242 2863 3543
4: 89 1653 2183 2566
4: 747 1895 2469 2679
4: 38 1396 1623 2114
4: 250 1555 1723 3158
4: 786 1392 2855 3464
4: 96 743 851 3186
4: 792 1753 2676 3380
4: 39 669 1717 2314
4: 272 837 1268 3643
4: 41 847 2785 3163
4: 883 2711 3094 3393
4: 296 390 2053 3217
4: 929 2200 3578 3647
4: 43 1083 1137 2221
4: 317 924 1089 3777
4: 322 897 1007 3181
4: 325 2947 3596 3599
4: 329 685 729 3104
4: 331 1103 1999 2378
4: 336 552 726 861
4: 1069 1189 2485 2984
4: 1073 1519 2243 2843
4: 1081 1591 1708 2668
4: 1122 1670 2797 3738
4: 1609 2194 2498 3756
4: 22 1024 1317 3490
4: 1203 1256 1408 1735
4: 1239 1444 1792 2290
4: 385 793 1437 1890
4: 401 2180 2353 2816
4: 1297 2363 2657 3395
4: 1363 2078 3066 3258
4: 1371 2248 2767 2813
4: 426 961 2134 2658
4: 431 2296 2723 3547
4: 1436 2819 3370 3529
4: 1457 1776 3008 3397
4: 62 582 644 1513
4: 1514 3500 3790 3798
4: 1554 1574 2202 2527
4: 1573 2432 2727 3195
4: 2189 3146 3523 3544
4: 458 1942 2001 3802
4: 1637 1733 3009 3600
4: 149 275 1166 2014
4: 469 2938 3053 3702
4: 1667 1937 1961 2600
4: 150 454 1283 1638
4: 28 323 1384 2593
4: 474 2151 3531 3682
4: 155 2315 2354 2887
4: 1812 1828 1959 3128
4: 504 2865 2885 3649
4: 14 467 3145 3332
4: 689 1397 2524 3169
4: 507 1164 3041 3347
4: 1870 2294 2706 3081
4: 1879 2305 2648 2991
4: 3047 3414 3703 3708
4: 1977 2731 2989 3184
4: 526 1512 2873 3666
4: 72 440 1873 2773
4: 541 2018 2135 3712
4: 548 1366 2708 3410
4: 565 602 2942 3122
4: 2268 2395 2828 3384
4: 15 181 2063 2899
4: 2671 3170 3317 3439
4: 194 1308 1845 3695
4: 630 2362 2511 3135
4: 664 1483 1675 2652
4: 674 1505 1545 3431
4: 678 1148 1509 2716
4: 1160 1777 3147 3675
3: 371 3036 3619
3: 1661 2037 3319
3: 760 1178 1834
3: 1360 1529 3499
3: 725 2038 3126
3: 733 2471 2993
3: 2003 2891 2966
3: 178 2681 3763
3: 411 1311 3551
3: 242 1658 3438
3: 514 1240 1455
3: 2174 3474 3558
3: 2021 2206 2737
3: 18 1900 3164
3: 772 2331 3150
3: 257 1466 2249
3: 799 1456 3257
3: 926 1379 3004
3: 801 1021 3291
3: 806 899 2958
3: 488 2878 3237
3: 841 849 2251
3: 889 1504 2153
3: 2171 2349 3355
3: 104 1651 2467
3: 2661 3018 3255
3: 952 2928 3166
3: 365 2954 3111
3: 718 1359 1614
3: 589 1543 2346
3: 116 490 1827
3: 1041 1414 3153
3: 764 972 1862
3: 448 2377 2735
3: 1605 1775 1860
3: 1087 1224 2002
3: 1198 1538 3572
3: 1101 2081 3098
3: 428 653 3079
3: 1145 1699 3115
3: 1687 2161 2924
3: 2517 2780 3496
3: 1026 1459 2753
3: 1215 1298 1423
3: 2080 2635 3074
3: 337 2339 3383
3: 533 2963 3172
3: 1274 1377 3471
3: 176 2515 3124
3: 519 1502 2916
3: 1348 1641 3065
3: 2366 3297 3310
3: 1381 1666 2212
3: 721 3050 3157
3: 690 1473 2376
3: 783 1608 3190
3: 61 1334 2697
3: 1482 3358 3435
3: 69 2597 3265
3: 1600 1629 2257
3: 1431 2594 3409
3: 381 2710 3668
3: 1836 2260 2532
3: 461 2877 3342
3: 472 3213 3403
3: 966 2223 3753
3: 1694 2051 2154
3: 477 756 2695
3: 152 523 2231
3: 1876 2884 3704
3: 164 782 3360
3: 688 2055 2169
3: 572 1080 3130
3: 643 1797 3449
3: 1378 2829 3040
3: 1566 2365 3613
3: 471 997 3005
3: 627 1829 2677
3: 1153 1427 2997
3: 1097 1305 2396
3: 1282 2040 2994
3: 362 1593 2095
3: 1227 3421 3477
3: 403 2065 3318
3: 394 1382 3001
3: 1188 1255 3165
3: 546 1432 3143
3: 1428 2027 2776
3: 101 1362 1387
3: 1903 2623 3428
3: 1302 1726 1746
3: 3177 3660 3736
3: 1724 3233 3374
3: 459 944 2616
3: 745 2567 3241
3: 2326 2369 3056
3: 535 1284 2263
3: 2660 3017 3272
3: 2591 2760 3366
3: 2563 3698 3789
3: 2500 2599 3245
3: 1806 2572 3525
3: 670 2028 2278
3: 3127 3454 3460
2: 918 1254
2: 1336 1871
2: 1417 1460
2: 2207 2414
2: 220 2472
2: 1578 2352
2: 1264 1589
2: 1858 3450
2: 414 3346
2: 2441 2875
2: 59 449
2: 417 1333
2: 610 2008
2: 3102 3120
2: 1324 3363
2: 968 2669
2: 1257 1719
2: 3199 3340
2: 2719 2736
2: 895 2122
2: 473 3270
2: 2205 3509
2: 976 1369
2: 1005 1208
2: 623 2699
2: 855 3693
2: 344 518
2: 1649 2814
2: 2898 3139
2: 498 505
2: 680 1592
2: 1936 3085
2: 1800 3502
2: 1983 2870
2: 1206 1813
2: 1690 2128
2: 866 1869
2: 862 1004
2: 1499 1957
2: 243 1891
2: 901 1365
2: 2162 2883
2: 1420 3581
2: 509 1340
2: 954 1118
2: 133 2461
2: 2119 3100
2: 2025 2844
2: 3035 3720
2: 1287 3803
2: 1648 3440
2: 3131 3731
2: 736 1053
2: 2571 3562
2: 740 3511
2: 914 3315
2: 1756 2407
2: 829 2259
2: 1640 1659
2: 90 615
2: 2107 2868
2: 1852 3205
2: 732 3457
2: 969 2222
2: 2436 3250
2: 3232 3758
2: 912 1323
2: 988 3215
2: 151 1571
2: 618 3565
2: 2682 2929
2: 882 1646
2: 1299 2501
2: 2406 3210
2: 1698 3687
2: 1821 3686
2: 1014 2420
2: 2770 3189
2: 211 2693
2: 2360 3773
2: 820 2530
2: 727 3436
2: 2173 3267
2: 239 1766
2: 342 3739
2: 248 2068
2: 1104 1510
2: 1909 2341
2: 1096 2943
2: 1035 2903
2: 377 2238
2: 2074 2647
2: 2385 2484
2: 1867 2859
2: 1796 3567
2: 3141 3331
2: 892 1171
2: 200 950
2: 1697 2698
2: 2930 3249
2: 3069 3641
2: 1688 2091
2: 731 2297
2: 179 1347
2: 437 3013
2: 974 3779
2: 1728 2606
2: 42 2487
2: 2651 3167
2: 2965 3635
2: 1568 3747
2: 1072 1972
2: 1404 2535
2: 1328 1650
2: 2889 3692
2: 2214 3459
2: 773 3016
2: 2240 3536
2: 1625 2444
2: 2039 2239
2: 1926 2921
2: 2901 3208
2: 208 811
2: 1063 1280
2: 1429 3156
2: 787 1882
