new_id id
1 0
2 1
3 2
4 3
5 4
6 5
7 6
8 7
9 8
10 9
11 10
12 11
13 12
14 13
15 14
16 15
17 16
18 17
19 18
20 19
21 20
22 21
23 22
24 23
25 24
26 25
27 26
28 27
29 28
30 29
31 30
32 31
33 32
34 33
35 34
36 35
37 36
38 37
39 38
40 39
41 40
42 41
43 42
44 43
45 44
46 45
47 46
48 47
49 48
50 49
51 50
52 51
53 52
54 53
55 54
56 55
57 56
58 57
59 58
60 59
61 60
62 61
63 62
64 63
65 64
66 65
67 66
68 67
69 68
70 69
71 70
72 71
73 72
74 73
75 74
76 75
77 76
78 77
79 78
80 79
81 80
82 81
83 82
84 83
85 84
86 85
87 86
88 87
89 88
90 89
91 90
92 91
93 92
94 93
95 94
96 95
97 96
98 97
99 98
100 99
101 100
102 101
103 102
104 103
105 104
106 105
107 106
108 107
109 108
110 109
111 110
112 111
113 112
114 113
115 114
116 115
117 116
118 117
119 118
120 119
121 120
122 121
123 122
124 123
125 124
126 125
127 126
128 127
129 128
130 129
131 130
132 131
133 132
134 133
135 134
136 135
137 136
138 137
139 138
140 139
141 140
142 141
143 142
144 143
145 144
146 145
147 146
148 147
149 148
150 149
151 150
152 151
153 152
154 153
155 154
156 155
157 156
158 157
159 158
160 159
161 160
162 161
163 162
164 163
165 164
166 165
167 166
168 167
169 168
170 169
171 170
172 171
173 172
174 173
175 174
176 175
177 176
178 177
179 178
180 179
181 180
182 181
183 182
184 183
185 184
186 185
187 186
188 187
189 188
190 189
191 190
192 191
193 192
194 193
195 194
196 195
197 196
198 197
199 198
200 199
201 200
202 201
203 202
204 203
205 204
206 205
207 206
208 207
209 208
210 209
211 210
212 211
213 212
214 213
215 214
216 215
217 216
218 217
219 218
220 219
221 220
222 221
223 222
224 223
225 224
226 225
227 226
228 227
229 228
230 229
231 230
232 231
233 232
234 233
235 234
236 235
237 236
238 237
239 238
240 239
241 240
242 241
243 242
244 243
245 244
246 245
247 246
248 247
249 248
250 249
251 250
252 251
253 252
254 253
255 254
256 255
257 256
258 257
259 258
260 259
261 260
262 261
263 262
264 263
265 264
266 265
267 266
268 267
269 268
270 269
271 270
272 271
273 272
274 273
275 274
276 275
277 276
278 277
279 278
280 279
281 280
282 281
283 282
284 283
285 284
286 285
287 286
288 287
289 288
290 289
291 290
292 291
293 292
294 293
295 294
296 295
297 296
298 297
299 298
300 299
301 300
302 301
303 302
304 303
305 304
306 305
307 306
308 307
309 308
310 309
311 310
312 311
313 312
314 313
315 314
316 315
317 316
318 317
319 318
320 319
321 320
322 321
323 322
324 323
325 324
326 325
327 326
328 327
329 328
330 329
331 330
332 331
333 332
334 333
335 334
336 335
337 336
338 337
339 338
340 339
341 340
342 341
343 342
344 343
345 344
346 345
347 346
348 347
349 348
350 349
351 350
352 351
353 352
354 353
355 354
356 355
357 356
358 357
359 358
360 359
361 360
362 361
363 362
364 363
365 364
366 365
367 366
368 367
369 368
370 369
371 370
372 371
373 372
374 373
375 374
376 375
377 376
378 377
379 378
380 379
381 381
382 382
383 383
384 384
385 385
386 386
387 387
388 388
389 389
390 390
391 391
392 392
393 393
394 394
395 395
396 396
397 397
398 398
399 399
400 400
401 401
402 402
403 403
404 404
405 405
406 406
407 407
408 408
409 409
410 410
411 411
412 412
413 413
414 414
415 415
416 416
417 417
418 418
419 419
420 420
421 421
422 422
423 423
424 424
425 425
426 426
427 427
428 428
429 429
430 430
431 431
432 432
433 433
434 434
435 435
436 436
437 437
438 438
439 439
440 440
441 441
442 442
443 443
444 444
445 445
446 446
447 447
448 448
449 449
450 450
451 451
452 452
453 453
454 454
455 455
456 456
457 457
458 458
459 459
460 460
461 461
462 462
463 463
464 464
465 465
466 466
467 467
468 468
469 469
470 470
471 471
472 472
473 473
474 474
475 475
476 476
477 477
478 478
479 479
480 480
481 481
482 482
483 483
484 484
485 485
486 486
487 487
488 488
489 489
490 490
491 491
492 492
493 493
494 494
495 495
496 496
497 497
498 498
499 499
500 500
501 501
502 502
503 503
504 504
505 505
506 506
507 507
508 508
509 509
510 510
511 511
512 512
513 513
514 514
515 515
516 516
517 517
518 518
519 519
520 520
521 521
522 522
523 523
524 524
525 525
526 526
527 527
528 528
529 529
530 530
531 531
532 532
533 533
534 534
535 535
536 536
537 537
538 538
539 539
540 540
541 541
542 542
543 543
544 544
545 545
546 546
547 547
548 548
549 549
550 550
551 551
552 552
553 553
554 554
555 555
556 556
557 557
558 558
559 559
560 560
561 561
562 562
563 563
564 564
565 565
566 566
567 567
568 568
569 569
570 570
571 571
572 572
573 573
574 574
575 575
576 576
577 577
578 578
579 579
580 580
581 581
582 582
583 583
584 584
585 585
586 586
587 587
588 588
589 589
590 590
591 591
592 592
593 593
594 594
595 595
596 596
597 597
598 598
599 599
600 600
601 601
602 602
603 603
604 604
605 605
606 606
607 607
608 608
609 609
610 610
611 611
612 612
613 613
614 614
615 615
616 616
617 617
618 618
619 619
620 620
621 621
622 622
623 623
624 624
625 625
626 626
627 627
628 628
629 629
630 630
631 631
632 632
633 633
634 634
635 635
636 636
637 637
638 638
639 639
640 640
641 641
642 642
643 643
644 644
645 645
646 646
647 647
648 648
649 649
650 650
651 651
652 652
653 653
654 654
655 655
656 656
657 657
658 658
659 659
660 660
661 661
662 662
663 663
664 664
665 665
666 666
667 667
668 668
669 669
670 670
671 671
672 672
673 673
674 674
675 675
676 676
677 677
678 678
679 679
680 680
681 681
682 682
683 683
684 684
685 685
686 686
687 687
688 688
689 689
690 690
691 691
692 692
693 693
694 694
695 695
696 696
697 697
698 698
699 699
700 700
701 701
702 702
703 703
704 704
705 705
706 706
707 707
708 708
709 709
710 710
711 711
712 712
713 713
714 714
715 715
716 716
717 717
718 718
719 719
720 720
721 721
722 722
723 723
724 724
725 725
726 726
727 727
728 728
729 729
730 730
731 731
732 732
733 733
734 734
735 735
736 736
737 737
738 738
739 739
740 740
741 741
742 742
743 743
744 744
745 745
746 746
747 747
748 748
749 749
750 751
751 752
752 753
753 754
754 755
755 756
756 757
757 758
758 759
759 761
760 762
761 763
762 764
763 765
764 766
765 767
766 768
767 769
768 770
769 771
770 772
771 773
772 774
773 775
774 776
775 777
776 778
777 779
778 780
779 781
780 782
781 783
782 784
783 785
784 786
785 787
786 788
787 789
788 790
789 791
790 792
791 793
792 794
793 795
794 796
795 797
796 798
797 799
798 800
799 801
800 802
801 803
802 804
803 805
804 806
805 807
806 808
807 809
808 810
809 811
810 812
811 813
812 814
813 815
814 816
815 817
816 818
817 819
818 821
819 822
820 823
821 824
822 825
823 826
824 827
825 828
826 829
827 831
828 832
829 833
830 834
831 835
832 836
833 837
834 838
835 839
836 841
837 842
838 843
839 844
840 845
841 846
842 847
843 848
844 849
845 850
846 851
847 852
848 853
849 854
850 855
851 856
852 857
853 858
854 859
855 860
856 861
857 862
858 863
859 864
860 865
861 866
862 867
863 868
864 869
865 870
866 871
867 872
868 873
869 874
870 875
871 876
872 877
873 878
874 879
875 880
876 881
877 882
878 883
879 884
880 885
881 886
882 887
883 888
884 889
885 890
886 891
887 892
888 893
889 894
890 895
891 896
892 897
893 898
894 899
895 900
896 901
897 902
898 903
899 904
900 905
901 906
902 907
903 908
904 909
905 910
906 911
907 912
908 913
909 914
910 915
911 916
912 917
913 918
914 919
915 920
916 921
917 922
918 923
919 924
920 925
921 926
922 927
923 928
924 929
925 930
926 931
927 932
928 933
929 934
930 935
931 936
932 937
933 938
934 939
935 940
936 941
937 942
938 943
939 944
940 945
941 946
942 947
943 948
944 949
945 951
946 952
947 953
948 954
949 955
950 956
951 957
952 958
953 959
954 960
955 961
956 962
957 963
958 964
959 965
960 966
961 967
962 968
963 969
964 971
965 972
966 973
967 974
968 975
969 976
970 977
971 978
972 979
973 981
974 982
975 983
976 984
977 985
978 986
979 987
980 988
981 989
982 990
983 991
984 992
985 993
986 994
987 995
988 996
989 997
990 998
991 999
992 1000
993 1001
994 1002
995 1003
996 1004
997 1005
998 1006
999 1007
1000 1008
1001 1009
1002 1010
1003 1011
1004 1012
1005 1013
1006 1014
1007 1015
1008 1016
1009 1017
1010 1018
1011 1019
1012 1020
1013 1021
1014 1022
1015 1023
1016 1024
1017 1025
1018 1026
1019 1027
1020 1028
1021 1029
1022 1030
1023 1031
1024 1032
1025 1033
1026 1034
1027 1035
1028 1036
1029 1037
1030 1038
1031 1039
1032 1040
1033 1041
1034 1042
1035 1043
1036 1044
1037 1045
1038 1046
1039 1047
1040 1048
1041 1049
1042 1050
1043 1051
1044 1052
1045 1053
1046 1054
1047 1055
1048 1056
1049 1057
1050 1058
1051 1059
1052 1060
1053 1061
1054 1062
1055 1063
1056 1064
1057 1065
1058 1066
1059 1067
1060 1068
1061 1069
1062 1070
1063 1071
1064 1072
1065 1073
1066 1074
1067 1075
1068 1076
1069 1077
1070 1078
1071 1079
1072 1080
1073 1081
1074 1082
1075 1083
1076 1084
1077 1085
1078 1086
1079 1087
1080 1088
1081 1089
1082 1090
1083 1091
1084 1092
1085 1093
1086 1094
1087 1095
1088 1096
1089 1097
1090 1098
1091 1099
1092 1100
1093 1101
1094 1102
1095 1103
1096 1104
1097 1105
1098 1106
1099 1107
1100 1108
1101 1109
1102 1110
1103 1111
1104 1112
1105 1113
1106 1114
1107 1115
1108 1116
1109 1117
1110 1118
1111 1119
1112 1120
1113 1121
1114 1122
1115 1123
1116 1124
1117 1125
1118 1126
1119 1127
1120 1128
1121 1129
1122 1130
1123 1131
1124 1132
1125 1133
1126 1134
1127 1135
1128 1136
1129 1137
1130 1138
1131 1139
1132 1140
1133 1141
1134 1142
1135 1143
1136 1144
1137 1145
1138 1146
1139 1147
1140 1148
1141 1149
1142 1150
1143 1151
1144 1152
1145 1153
1146 1154
1147 1155
1148 1156
1149 1157
1150 1158
1151 1159
1152 1160
1153 1161
1154 1162
1155 1163
1156 1164
1157 1165
1158 1166
1159 1167
1160 1168
1161 1169
1162 1170
1163 1171
1164 1172
1165 1173
1166 1174
1167 1175
1168 1176
1169 1177
1170 1178
1171 1179
1172 1180
1173 1181
1174 1182
1175 1183
1176 1184
1177 1185
1178 1186
1179 1187
1180 1188
1181 1189
1182 1190
1183 1191
1184 1192
1185 1193
1186 1194
1187 1195
1188 1196
1189 1197
1190 1198
1191 1199
1192 1201
1193 1202
1194 1203
1195 1204
1196 1205
1197 1206
1198 1207
1199 1208
1200 1209
1201 1210
1202 1211
1203 1212
1204 1213
1205 1214
1206 1215
1207 1216
1208 1217
1209 1218
1210 1219
1211 1220
1212 1221
1213 1222
1214 1223
1215 1224
1216 1225
1217 1226
1218 1227
1219 1228
1220 1229
1221 1230
1222 1231
1223 1232
1224 1233
1225 1234
1226 1235
1227 1236
1228 1237
1229 1238
1230 1239
1231 1240
1232 1241
1233 1242
1234 1243
1235 1244
1236 1245
1237 1246
1238 1247
1239 1248
1240 1249
1241 1250
1242 1251
1243 1252
1244 1253
1245 1254
1246 1255
1247 1256
1248 1257
1249 1258
1250 1259
1251 1260
1252 1261
1253 1262
1254 1263
1255 1264
1256 1265
1257 1266
1258 1267
1259 1268
1260 1269
1261 1270
1262 1271
1263 1272
1264 1273
1265 1274
1266 1275
1267 1276
1268 1277
1269 1278
1270 1279
1271 1280
1272 1281
1273 1282
1274 1283
1275 1284
1276 1285
1277 1286
1278 1287
1279 1288
1280 1289
1281 1290
1282 1291
1283 1292
1284 1293
1285 1294
1286 1295
1287 1296
1288 1297
1289 1298
1290 1299
1291 1300
1292 1301
1293 1302
1294 1303
1295 1304
1296 1305
1297 1306
1298 1307
1299 1308
1300 1309
1301 1310
1302 1311
1303 1312
1304 1313
1305 1314
1306 1315
1307 1316
1308 1317
1309 1318
1310 1319
1311 1320
1312 1321
1313 1322
1314 1323
1315 1324
1316 1325
1317 1326
1318 1327
1319 1328
1320 1329
1321 1330
1322 1331
1323 1332
1324 1333
1325 1334
1326 1335
1327 1336
1328 1337
1329 1338
1330 1339
1331 1340
1332 1341
1333 1342
1334 1343
1335 1344
1336 1345
1337 1346
1338 1347
1339 1348
1340 1349
1341 1350
1342 1351
1343 1352
1344 1353
1345 1354
1346 1355
1347 1356
1348 1357
1349 1358
1350 1359
1351 1360
1352 1361
1353 1362
1354 1363
1355 1364
1356 1365
1357 1366
1358 1367
1359 1368
1360 1369
1361 1370
1362 1371
1363 1372
1364 1373
1365 1374
1366 1375
1367 1376
1368 1377
1369 1378
1370 1379
1371 1380
1372 1381
1373 1382
1374 1383
1375 1384
1376 1385
1377 1386
1378 1387
1379 1388
1380 1389
1381 1390
1382 1391
1383 1392
1384 1393
1385 1394
1386 1395
1387 1396
1388 1397
1389 1398
1390 1399
1391 1400
1392 1401
1393 1402
1394 1403
1395 1404
1396 1405
1397 1406
1398 1407
1399 1408
1400 1409
1401 1410
1402 1411
1403 1412
1404 1413
1405 1414
1406 1415
1407 1416
1408 1417
1409 1418
1410 1419
1411 1421
1412 1422
1413 1423
1414 1424
1415 1425
1416 1426
1417 1427
1418 1428
1419 1429
1420 1430
1421 1431
1422 1432
1423 1433
1424 1434
1425 1435
1426 1436
1427 1437
1428 1438
1429 1439
1430 1441
1431 1442
1432 1443
1433 1444
1434 1445
1435 1446
1436 1447
1437 1448
1438 1449
1439 1450
1440 1451
1441 1452
1442 1453
1443 1454
1444 1455
1445 1456
1446 1457
1447 1458
1448 1459
1449 1460
1450 1461
1451 1462
1452 1463
1453 1464
1454 1465
1455 1466
1456 1467
1457 1468
1458 1469
1459 1470
1460 1471
1461 1472
1462 1473
1463 1474
1464 1475
1465 1476
1466 1477
1467 1478
1468 1479
1469 1481
1470 1482
1471 1483
1472 1484
1473 1485
1474 1486
1475 1487
1476 1488
1477 1489
1478 1490
1479 1491
1480 1492
1481 1493
1482 1494
1483 1495
1484 1496
1485 1497
1486 1498
1487 1499
1488 1500
1489 1501
1490 1502
1491 1503
1492 1504
1493 1505
1494 1506
1495 1507
1496 1508
1497 1509
1498 1511
1499 1512
1500 1513
1501 1514
1502 1515
1503 1516
1504 1517
1505 1518
1506 1519
1507 1520
1508 1521
1509 1522
1510 1523
1511 1524
1512 1525
1513 1526
1514 1527
1515 1528
1516 1529
1517 1530
1518 1531
1519 1532
1520 1533
1521 1534
1522 1535
1523 1536
1524 1537
1525 1538
1526 1539
1527 1540
1528 1541
1529 1542
1530 1543
1531 1544
1532 1545
1533 1546
1534 1547
1535 1548
1536 1549
1537 1550
1538 1551
1539 1552
1540 1553
1541 1554
1542 1555
1543 1556
1544 1557
1545 1558
1546 1559
1547 1560
1548 1561
1549 1562
1550 1563
1551 1564
1552 1565
1553 1566
1554 1567
1555 1568
1556 1569
1557 1570
1558 1571
1559 1572
1560 1573
1561 1574
1562 1575
1563 1576
1564 1577
1565 1578
1566 1579
1567 1580
1568 1581
1569 1582
1570 1583
1571 1584
1572 1585
1573 1586
1574 1587
1575 1588
1576 1589
1577 1590
1578 1591
1579 1592
1580 1593
1581 1594
1582 1595
1583 1596
1584 1597
1585 1598
1586 1599
1587 1600
1588 1601
1589 1602
1590 1603
1591 1604
1592 1605
1593 1606
1594 1607
1595 1608
1596 1609
1597 1610
1598 1611
1599 1612
1600 1613
1601 1614
1602 1615
1603 1616
1604 1617
1605 1618
1606 1619
1607 1620
1608 1621
1609 1622
1610 1623
1611 1624
1612 1625
1613 1626
1614 1627
1615 1628
1616 1629
1617 1630
1618 1631
1619 1632
1620 1633
1621 1634
1622 1635
1623 1636
1624 1637
1625 1638
1626 1639
1627 1640
1628 1641
1629 1642
1630 1643
1631 1644
1632 1645
1633 1646
1634 1647
1635 1648
1636 1649
1637 1650
1638 1651
1639 1652
1640 1653
1641 1654
1642 1655
1643 1656
1644 1657
1645 1658
1646 1659
1647 1660
1648 1661
1649 1662
1650 1663
1651 1664
1652 1665
1653 1666
1654 1667
1655 1668
1656 1669
1657 1670
1658 1671
1659 1672
1660 1673
1661 1674
1662 1675
1663 1676
1664 1677
1665 1678
1666 1679
1667 1680
1668 1681
1669 1682
1670 1683
1671 1684
1672 1685
1673 1686
1674 1687
1675 1688
1676 1689
1677 1690
1678 1691
1679 1692
1680 1693
1681 1694
1682 1695
1683 1696
1684 1697
1685 1698
1686 1699
1687 1700
1688 1701
1689 1702
1690 1703
1691 1704
1692 1705
1693 1706
1694 1707
1695 1708
1696 1709
1697 1710
1698 1711
1699 1712
1700 1713
1701 1714
1702 1715
1703 1716
1704 1717
1705 1718
1706 1719
1707 1720
1708 1721
1709 1722
1710 1723
1711 1724
1712 1725
1713 1726
1714 1727
1715 1728
1716 1729
1717 1730
1718 1731
1719 1732
1720 1733
1721 1734
1722 1735
1723 1736
1724 1737
1725 1738
1726 1739
1727 1740
1728 1741
1729 1742
1730 1743
1731 1744
1732 1745
1733 1746
1734 1747
1735 1748
1736 1749
1737 1750
1738 1751
1739 1752
1740 1753
1741 1754
1742 1755
1743 1756
1744 1757
1745 1758
1746 1759
1747 1761
1748 1762
1749 1763
1750 1764
1751 1765
1752 1766
1753 1767
1754 1768
1755 1769
1756 1770
1757 1771
1758 1772
1759 1773
1760 1774
1761 1775
1762 1776
1763 1777
1764 1778
1765 1779
1766 1780
1767 1781
1768 1782
1769 1783
1770 1784
1771 1785
1772 1786
1773 1787
1774 1788
1775 1789
1776 1790
1777 1791
1778 1792
1779 1793
1780 1794
1781 1795
1782 1796
1783 1797
1784 1798
1785 1799
1786 1800
1787 1801
1788 1802
1789 1803
1790 1804
1791 1805
1792 1806
1793 1807
1794 1808
1795 1809
1796 1810
1797 1811
1798 1812
1799 1813
1800 1814
1801 1815
1802 1816
1803 1817
1804 1818
1805 1819
1806 1820
1807 1821
1808 1822
1809 1823
1810 1824
1811 1825
1812 1826
1813 1827
1814 1828
1815 1829
1816 1830
1817 1831
1818 1832
1819 1833
1820 1834
1821 1835
1822 1836
1823 1837
1824 1838
1825 1839
1826 1840
1827 1841
1828 1842
1829 1843
1830 1844
1831 1845
1832 1846
1833 1847
1834 1848
1835 1849
1836 1851
1837 1852
1838 1853
1839 1854
1840 1855
1841 1856
1842 1857
1843 1858
1844 1859
1845 1860
1846 1861
1847 1862
1848 1863
1849 1864
1850 1865
1851 1866
1852 1867
1853 1868
1854 1869
1855 1870
1856 1871
1857 1872
1858 1873
1859 1874
1860 1875
1861 1876
1862 1877
1863 1878
1864 1879
1865 1880
1866 1881
1867 1882
1868 1883
1869 1884
1870 1885
1871 1886
1872 1887
1873 1888
1874 1889
1875 1890
1876 1891
1877 1892
1878 1893
1879 1894
1880 1895
1881 1896
1882 1897
1883 1898
1884 1899
1885 1900
1886 1901
1887 1902
1888 1903
1889 1904
1890 1905
1891 1906
1892 1907
1893 1908
1894 1909
1895 1910
1896 1911
1897 1912
1898 1913
1899 1914
1900 1915
1901 1916
1902 1917
1903 1918
1904 1919
1905 1920
1906 1921
1907 1922
1908 1923
1909 1924
1910 1925
1911 1926
1912 1927
1913 1928
1914 1929
1915 1930
1916 1931
1917 1932
1918 1933
1919 1934
1920 1935
1921 1936
1922 1937
1923 1938
1924 1939
1925 1940
1926 1941
1927 1942
1928 1943
1929 1944
1930 1945
1931 1946
1932 1947
1933 1948
1934 1949
1935 1950
1936 1951
1937 1952
1938 1953
1939 1954
1940 1955
1941 1956
1942 1957
1943 1958
1944 1959
1945 1961
1946 1962
1947 1963
1948 1964
1949 1965
1950 1966
1951 1967
1952 1968
1953 1969
1954 1971
1955 1972
1956 1973
1957 1974
1958 1975
1959 1976
1960 1977
1961 1978
1962 1979
1963 1980
1964 1981
1965 1982
1966 1983
1967 1984
1968 1985
1969 1986
1970 1987
1971 1988
1972 1989
1973 1990
1974 1991
1975 1992
1976 1993
1977 1994
1978 1995
1979 1996
1980 1997
1981 1998
1982 1999
1983 2000
1984 2001
1985 2002
1986 2003
1987 2004
1988 2005
1989 2006
1990 2007
1991 2008
1992 2009
1993 2010
1994 2011
1995 2012
1996 2013
1997 2014
1998 2015
1999 2016
2000 2017
2001 2018
2002 2019
2003 2021
2004 2022
2005 2023
2006 2024
2007 2025
2008 2026
2009 2027
2010 2028
2011 2029
2012 2031
2013 2032
2014 2033
2015 2034
2016 2035
2017 2036
2018 2037
2019 2038
2020 2039
2021 2040
2022 2041
2023 2042
2024 2043
2025 2044
2026 2045
2027 2046
2028 2047
2029 2048
2030 2049
2031 2050
2032 2051
2033 2052
2034 2053
2035 2054
2036 2055
2037 2056
2038 2057
2039 2058
2040 2059
2041 2060
2042 2061
2043 2062
2044 2063
2045 2064
2046 2065
2047 2066
2048 2067
2049 2068
2050 2069
2051 2070
2052 2071
2053 2072
2054 2073
2055 2074
2056 2075
2057 2076
2058 2077
2059 2078
2060 2079
2061 2080
2062 2081
2063 2082
2064 2083
2065 2084
2066 2085
2067 2086
2068 2087
2069 2088
2070 2089
2071 2090
2072 2091
2073 2092
2074 2093
2075 2094
2076 2095
2077 2096
2078 2097
2079 2098
2080 2099
2081 2101
2082 2102
2083 2103
2084 2104
2085 2105
2086 2106
2087 2107
2088 2108
2089 2109
2090 2110
2091 2111
2092 2112
2093 2113
2094 2114
2095 2115
2096 2116
2097 2117
2098 2118
2099 2119
2100 2120
2101 2121
2102 2122
2103 2123
2104 2124
2105 2125
2106 2126
2107 2127
2108 2128
2109 2129
2110 2131
2111 2132
2112 2133
2113 2134
2114 2135
2115 2136
2116 2137
2117 2138
2118 2139
2119 2140
2120 2141
2121 2142
2122 2143
2123 2144
2124 2145
2125 2146
2126 2147
2127 2148
2128 2149
2129 2150
2130 2151
2131 2152
2132 2153
2133 2154
2134 2155
2135 2156
2136 2157
2137 2158
2138 2159
2139 2160
2140 2161
2141 2162
2142 2163
2143 2164
2144 2165
2145 2166
2146 2167
2147 2168
2148 2169
2149 2170
2150 2171
2151 2172
2152 2173
2153 2174
2154 2175
2155 2176
2156 2177
2157 2178
2158 2179
2159 2180
2160 2181
2161 2182
2162 2183
2163 2184
2164 2185
2165 2186
2166 2187
2167 2188
2168 2189
2169 2191
2170 2192
2171 2193
2172 2194
2173 2195
2174 2196
2175 2197
2176 2198
2177 2199
2178 2200
2179 2201
2180 2202
2181 2203
2182 2204
2183 2205
2184 2206
2185 2207
2186 2208
2187 2209
2188 2210
2189 2211
2190 2212
2191 2213
2192 2214
2193 2215
2194 2216
2195 2217
2196 2218
2197 2219
2198 2220
2199 2221
2200 2222
2201 2223
2202 2224
2203 2225
2204 2226
2205 2227
2206 2228
2207 2229
2208 2230
2209 2231
2210 2232
2211 2233
2212 2234
2213 2235
2214 2236
2215 2237
2216 2238
2217 2239
2218 2240
2219 2241
2220 2242
2221 2243
2222 2244
2223 2245
2224 2246
2225 2247
2226 2248
2227 2249
2228 2250
2229 2251
2230 2252
2231 2253
2232 2254
2233 2255
2234 2256
2235 2257
2236 2258
2237 2259
2238 2260
2239 2261
2240 2262
2241 2263
2242 2264
2243 2265
2244 2266
2245 2267
2246 2268
2247 2269
2248 2270
2249 2271
2250 2272
2251 2273
2252 2274
2253 2275
2254 2276
2255 2277
2256 2278
2257 2279
2258 2280
2259 2281
2260 2282
2261 2283
2262 2284
2263 2285
2264 2286
2265 2287
2266 2288
2267 2289
2268 2290
2269 2291
2270 2292
2271 2293
2272 2294
2273 2295
2274 2296
2275 2297
2276 2298
2277 2299
2278 2301
2279 2302
2280 2303
2281 2304
2282 2305
2283 2306
2284 2307
2285 2308
2286 2309
2287 2310
2288 2311
2289 2312
2290 2313
2291 2314
2292 2315
2293 2316
2294 2317
2295 2318
2296 2319
2297 2320
2298 2321
2299 2322
2300 2323
2301 2324
2302 2325
2303 2326
2304 2327
2305 2328
2306 2329
2307 2330
2308 2331
2309 2332
2310 2333
2311 2334
2312 2335
2313 2336
2314 2337
2315 2338
2316 2339
2317 2340
2318 2341
2319 2342
2320 2343
2321 2344
2322 2345
2323 2346
2324 2347
2325 2348
2326 2349
2327 2350
2328 2351
2329 2352
2330 2353
2331 2354
2332 2355
2333 2356
2334 2357
2335 2358
2336 2359
2337 2360
2338 2361
2339 2362
2340 2363
2341 2364
2342 2365
2343 2366
2344 2367
2345 2368
2346 2369
2347 2370
2348 2371
2349 2372
2350 2373
2351 2374
2352 2375
2353 2376
2354 2377
2355 2378
2356 2379
2357 2380
2358 2381
2359 2382
2360 2383
2361 2384
2362 2385
2363 2386
2364 2387
2365 2388
2366 2389
2367 2390
2368 2391
2369 2392
2370 2393
2371 2394
2372 2395
2373 2396
2374 2397
2375 2398
2376 2399
2377 2400
2378 2401
2379 2402
2380 2403
2381 2404
2382 2405
2383 2406
2384 2407
2385 2408
2386 2409
2387 2410
2388 2411
2389 2412
2390 2413
2391 2414
2392 2415
2393 2416
2394 2417
2395 2418
2396 2419
2397 2421
2398 2422
2399 2423
2400 2424
2401 2425
2402 2426
2403 2427
2404 2428
2405 2429
2406 2430
2407 2431
2408 2432
2409 2433
2410 2434
2411 2435
2412 2436
2413 2437
2414 2438
2415 2439
2416 2440
2417 2441
2418 2442
2419 2443
2420 2444
2421 2445
2422 2446
2423 2447
2424 2448
2425 2449
2426 2450
2427 2451
2428 2452
2429 2453
2430 2454
2431 2455
2432 2456
2433 2457
2434 2458
2435 2459
2436 2460
2437 2461
2438 2462
2439 2463
2440 2464
2441 2465
2442 2466
2443 2467
2444 2468
2445 2469
2446 2470
2447 2471
2448 2472
2449 2473
2450 2474
2451 2475
2452 2476
2453 2477
2454 2478
2455 2479
2456 2480
2457 2481
2458 2482
2459 2483
2460 2484
2461 2485
2462 2486
2463 2487
2464 2488
2465 2489
2466 2490
2467 2491
2468 2492
2469 2493
2470 2494
2471 2495
2472 2496
2473 2497
2474 2498
2475 2499
2476 2500
2477 2501
2478 2502
2479 2503
2480 2504
2481 2505
2482 2506
2483 2507
2484 2508
2485 2509
2486 2511
2487 2512
2488 2513
2489 2514
2490 2515
2491 2516
2492 2517
2493 2518
2494 2519
2495 2520
2496 2521
2497 2522
2498 2523
2499 2524
2500 2525
2501 2526
2502 2527
2503 2528
2504 2529
2505 2531
2506 2532
2507 2533
2508 2534
2509 2535
2510 2536
2511 2537
2512 2538
2513 2539
2514 2541
2515 2542
2516 2543
2517 2544
2518 2545
2519 2546
2520 2547
2521 2548
2522 2549
2523 2550
2524 2551
2525 2552
2526 2553
2527 2554
2528 2555
2529 2556
2530 2557
2531 2558
2532 2559
2533 2561
2534 2562
2535 2563
2536 2564
2537 2565
2538 2566
2539 2567
2540 2568
2541 2569
2542 2570
2543 2571
2544 2572
2545 2573
2546 2574
2547 2575
2548 2576
2549 2577
2550 2578
2551 2579
2552 2580
2553 2581
2554 2582
2555 2583
2556 2584
2557 2585
2558 2586
2559 2587
2560 2588
2561 2589
2562 2590
2563 2591
2564 2592
2565 2593
2566 2594
2567 2595
2568 2596
2569 2597
2570 2598
2571 2599
2572 2600
2573 2601
2574 2602
2575 2603
2576 2604
2577 2605
2578 2606
2579 2607
2580 2608
2581 2609
2582 2610
2583 2611
2584 2612
2585 2613
2586 2614
2587 2615
2588 2616
2589 2617
2590 2618
2591 2619
2592 2620
2593 2621
2594 2622
2595 2623
2596 2624
2597 2625
2598 2626
2599 2627
2600 2628
2601 2629
2602 2630
2603 2631
2604 2632
2605 2633
2606 2634
2607 2635
2608 2636
2609 2637
2610 2638
2611 2639
2612 2640
2613 2641
2614 2642
2615 2643
2616 2644
2617 2645
2618 2646
2619 2647
2620 2648
2621 2649
2622 2650
2623 2651
2624 2652
2625 2653
2626 2654
2627 2655
2628 2656
2629 2657
2630 2658
2631 2659
2632 2660
2633 2661
2634 2662
2635 2663
2636 2664
2637 2665
2638 2666
2639 2667
2640 2668
2641 2669
2642 2670
2643 2671
2644 2672
2645 2673
2646 2674
2647 2675
2648 2676
2649 2677
2650 2678
2651 2679
2652 2681
2653 2682
2654 2683
2655 2684
2656 2685
2657 2686
2658 2687
2659 2688
2660 2689
2661 2690
2662 2691
2663 2692
2664 2693
2665 2694
2666 2695
2667 2696
2668 2697
2669 2698
2670 2699
2671 2700
2672 2701
2673 2702
2674 2703
2675 2704
2676 2705
2677 2706
2678 2707
2679 2708
2680 2709
2681 2710
2682 2711
2683 2712
2684 2713
2685 2714
2686 2715
2687 2716
2688 2717
2689 2718
2690 2719
2691 2721
2692 2722
2693 2723
2694 2724
2695 2725
2696 2726
2697 2727
2698 2728
2699 2729
2700 2730
2701 2731
2702 2732
2703 2733
2704 2734
2705 2735
2706 2736
2707 2737
2708 2738
2709 2739
2710 2741
2711 2742
2712 2743
2713 2744
2714 2745
2715 2746
2716 2747
2717 2748
2718 2749
2719 2750
2720 2751
2721 2752
2722 2753
2723 2754
2724 2755
2725 2756
2726 2757
2727 2758
2728 2759
2729 2760
2730 2761
2731 2762
2732 2763
2733 2764
2734 2765
2735 2766
2736 2767
2737 2768
2738 2769
2739 2771
2740 2772
2741 2773
2742 2774
2743 2775
2744 2776
2745 2777
2746 2778
2747 2779
2748 2781
2749 2782
2750 2783
2751 2784
2752 2785
2753 2786
2754 2787
2755 2788
2756 2789
2757 2790
2758 2791
2759 2792
2760 2793
2761 2794
2762 2795
2763 2796
2764 2797
2765 2798
2766 2799
2767 2800
2768 2801
2769 2802
2770 2803
2771 2804
2772 2805
2773 2806
2774 2807
2775 2808
2776 2809
2777 2810
2778 2811
2779 2812
2780 2813
2781 2814
2782 2815
2783 2816
2784 2817
2785 2818
2786 2819
2787 2821
2788 2822
2789 2823
2790 2824
2791 2825
2792 2826
2793 2827
2794 2828
2795 2829
2796 2831
2797 2832
2798 2833
2799 2834
2800 2835
2801 2836
2802 2837
2803 2838
2804 2839
2805 2841
2806 2842
2807 2843
2808 2844
2809 2845
2810 2846
2811 2847
2812 2848
2813 2849
2814 2851
2815 2852
2816 2853
2817 2854
2818 2855
2819 2856
2820 2857
2821 2858
2822 2859
2823 2860
2824 2861
2825 2862
2826 2863
2827 2864
2828 2865
2829 2866
2830 2867
2831 2868
2832 2869
2833 2870
2834 2871
2835 2872
2836 2873
2837 2874
2838 2875
2839 2876
2840 2877
2841 2878
2842 2879
2843 2881
2844 2882
2845 2883
2846 2884
2847 2885
2848 2886
2849 2887
2850 2888
2851 2889
2852 2890
2853 2891
2854 2892
2855 2893
2856 2894
2857 2895
2858 2896
2859 2897
2860 2898
2861 2899
2862 2900
2863 2901
2864 2902
2865 2903
2866 2904
2867 2905
2868 2906
2869 2907
2870 2908
2871 2909
2872 2911
2873 2912
2874 2913
2875 2914
2876 2915
2877 2916
2878 2917
2879 2918
2880 2919
2881 2920
2882 2921
2883 2922
2884 2923
2885 2924
2886 2925
2887 2926
2888 2927
2889 2928
2890 2929
2891 2930
2892 2931
2893 2932
2894 2933
2895 2934
2896 2935
2897 2936
2898 2937
2899 2938
2900 2939
2901 2940
2902 2941
2903 2942
2904 2943
2905 2944
2906 2945
2907 2946
2908 2947
2909 2948
2910 2949
2911 2951
2912 2952
2913 2953
2914 2954
2915 2955
2916 2956
2917 2957
2918 2958
2919 2959
2920 2960
2921 2961
2922 2962
2923 2963
2924 2964
2925 2965
2926 2966
2927 2967
2928 2968
2929 2969
2930 2970
2931 2971
2932 2972
2933 2973
2934 2974
2935 2975
2936 2976
2937 2977
2938 2978
2939 2979
2940 2980
2941 2981
2942 2982
2943 2983
2944 2984
2945 2985
2946 2986
2947 2987
2948 2988
2949 2989
2950 2991
2951 2992
2952 2993
2953 2994
2954 2995
2955 2996
2956 2997
2957 2998
2958 2999
2959 3000
2960 3001
2961 3002
2962 3003
2963 3004
2964 3005
2965 3006
2966 3007
2967 3008
2968 3009
2969 3010
2970 3011
2971 3012
2972 3013
2973 3014
2974 3015
2975 3016
2976 3017
2977 3018
2978 3019
2979 3020
2980 3021
2981 3022
2982 3023
2983 3024
2984 3025
2985 3026
2986 3027
2987 3028
2988 3029
2989 3031
2990 3032
2991 3033
2992 3034
2993 3035
2994 3036
2995 3037
2996 3038
2997 3039
2998 3040
2999 3041
3000 3042
3001 3043
3002 3044
3003 3045
3004 3046
3005 3047
3006 3048
3007 3049
3008 3050
3009 3051
3010 3052
3011 3053
3012 3054
3013 3055
3014 3056
3015 3057
3016 3058
3017 3059
3018 3060
3019 3061
3020 3062
3021 3063
3022 3064
3023 3065
3024 3066
3025 3067
3026 3068
3027 3069
3028 3071
3029 3072
3030 3073
3031 3074
3032 3075
3033 3076
3034 3077
3035 3078
3036 3079
3037 3081
3038 3082
3039 3083
3040 3084
3041 3085
3042 3086
3043 3087
3044 3088
3045 3089
3046 3091
3047 3092
3048 3093
3049 3094
3050 3095
3051 3096
3052 3097
3053 3098
3054 3099
3055 3101
3056 3102
3057 3103
3058 3104
3059 3105
3060 3106
3061 3107
3062 3108
3063 3109
3064 3110
3065 3111
3066 3112
3067 3113
3068 3114
3069 3115
3070 3116
3071 3117
3072 3118
3073 3119
3074 3121
3075 3122
3076 3123
3077 3124
3078 3125
3079 3126
3080 3127
3081 3128
3082 3129
3083 3130
3084 3131
3085 3132
3086 3133
3087 3134
3088 3135
3089 3136
3090 3137
3091 3138
3092 3139
3093 3140
3094 3141
3095 3142
3096 3143
3097 3144
3098 3145
3099 3146
3100 3147
3101 3148
3102 3149
3103 3150
3104 3151
3105 3152
3106 3153
3107 3154
3108 3155
3109 3156
3110 3157
3111 3158
3112 3159
3113 3161
3114 3162
3115 3163
3116 3164
3117 3165
3118 3166
3119 3167
3120 3168
3121 3169
3122 3171
3123 3172
3124 3173
3125 3174
3126 3175
3127 3176
3128 3177
3129 3178
3130 3179
3131 3180
3132 3181
3133 3182
3134 3183
3135 3184
3136 3185
3137 3186
3138 3187
3139 3188
3140 3189
3141 3190
3142 3191
3143 3192
3144 3193
3145 3194
3146 3195
3147 3196
3148 3197
3149 3198
3150 3199
3151 3200
3152 3201
3153 3202
3154 3203
3155 3204
3156 3205
3157 3206
3158 3207
3159 3208
3160 3209
3161 3211
3162 3212
3163 3213
3164 3214
3165 3215
3166 3216
3167 3217
3168 3218
3169 3219
3170 3220
3171 3221
3172 3222
3173 3223
3174 3224
3175 3225
3176 3226
3177 3227
3178 3228
3179 3229
3180 3230
3181 3231
3182 3232
3183 3233
3184 3234
3185 3235
3186 3236
3187 3237
3188 3238
3189 3239
3190 3241
3191 3242
3192 3243
3193 3244
3194 3245
3195 3246
3196 3247
3197 3248
3198 3249
3199 3250
3200 3251
3201 3252
3202 3253
3203 3254
3204 3255
3205 3256
3206 3257
3207 3258
3208 3259
3209 3260
3210 3261
3211 3262
3212 3263
3213 3264
3214 3265
3215 3266
3216 3267
3217 3268
3218 3269
3219 3270
3220 3271
3221 3272
3222 3273
3223 3274
3224 3275
3225 3276
3226 3277
3227 3278
3228 3279
3229 3281
3230 3282
3231 3283
3232 3284
3233 3285
3234 3286
3235 3287
3236 3288
3237 3289
3238 3290
3239 3291
3240 3292
3241 3293
3242 3294
3243 3295
3244 3296
3245 3297
3246 3298
3247 3299
3248 3300
3249 3301
3250 3302
3251 3303
3252 3304
3253 3305
3254 3306
3255 3307
3256 3308
3257 3309
3258 3310
3259 3311
3260 3312
3261 3313
3262 3314
3263 3315
3264 3316
3265 3317
3266 3318
3267 3319
3268 3321
3269 3322
3270 3323
3271 3324
3272 3325
3273 3326
3274 3327
3275 3328
3276 3329
3277 3331
3278 3332
3279 3333
3280 3334
3281 3335
3282 3336
3283 3337
3284 3338
3285 3339
3286 3340
3287 3341
3288 3342
3289 3343
3290 3344
3291 3345
3292 3346
3293 3347
3294 3348
3295 3349
3296 3351
3297 3352
3298 3353
3299 3354
3300 3355
3301 3356
3302 3357
3303 3358
3304 3359
3305 3360
3306 3361
3307 3362
3308 3363
3309 3364
3310 3365
3311 3366
3312 3367
3313 3368
3314 3369
3315 3371
3316 3372
3317 3373
3318 3374
3319 3375
3320 3376
3321 3377
3322 3378
3323 3379
3324 3380
3325 3381
3326 3382
3327 3383
3328 3384
3329 3385
3330 3386
3331 3387
3332 3388
3333 3389
3334 3390
3335 3391
3336 3392
3337 3393
3338 3394
3339 3395
3340 3396
3341 3397
3342 3398
3343 3399
3344 3401
3345 3402
3346 3403
3347 3404
3348 3405
3349 3406
3350 3407
3351 3408
3352 3409
3353 3410
3354 3411
3355 3412
3356 3413
3357 3414
3358 3415
3359 3416
3360 3417
3361 3418
3362 3419
3363 3421
3364 3422
3365 3423
3366 3424
3367 3425
3368 3426
3369 3427
3370 3428
3371 3429
3372 3430
3373 3431
3374 3432
3375 3433
3376 3434
3377 3435
3378 3436
3379 3437
3380 3438
3381 3439
3382 3441
3383 3442
3384 3443
3385 3444
3386 3445
3387 3446
3388 3447
3389 3448
3390 3449
3391 3451
3392 3452
3393 3453
3394 3454
3395 3455
3396 3456
3397 3457
3398 3458
3399 3459
3400 3460
3401 3461
3402 3462
3403 3463
3404 3464
3405 3465
3406 3466
3407 3467
3408 3468
3409 3469
3410 3471
3411 3472
3412 3473
3413 3474
3414 3475
3415 3476
3416 3477
3417 3478
3418 3479
3419 3481
3420 3482
3421 3483
3422 3484
3423 3485
3424 3486
3425 3487
3426 3488
3427 3489
3428 3491
3429 3492
3430 3493
3431 3494
3432 3495
3433 3496
3434 3497
3435 3498
3436 3499
3437 3501
3438 3502
3439 3503
3440 3504
3441 3505
3442 3506
3443 3507
3444 3508
3445 3509
3446 3510
3447 3511
3448 3512
3449 3513
3450 3514
3451 3515
3452 3516
3453 3517
3454 3518
3455 3519
3456 3520
3457 3521
3458 3522
3459 3523
3460 3524
3461 3525
3462 3526
3463 3527
3464 3528
3465 3529
3466 3530
3467 3531
3468 3532
3469 3533
3470 3534
3471 3535
3472 3536
3473 3537
3474 3538
3475 3539
3476 3541
3477 3542
3478 3543
3479 3544
3480 3545
3481 3546
3482 3547
3483 3548
3484 3549
3485 3550
3486 3551
3487 3552
3488 3553
3489 3554
3490 3555
3491 3556
3492 3557
3493 3558
3494 3559
3495 3561
3496 3562
3497 3563
3498 3564
3499 3565
3500 3566
3501 3567
3502 3568
3503 3569
3504 3571
3505 3572
3506 3573
3507 3574
3508 3575
3509 3576
3510 3577
3511 3578
3512 3579
3513 3580
3514 3581
3515 3582
3516 3583
3517 3584
3518 3585
3519 3586
3520 3587
3521 3588
3522 3589
3523 3590
3524 3591
3525 3592
3526 3593
3527 3594
3528 3595
3529 3596
3530 3597
3531 3598
3532 3599
3533 3601
3534 3602
3535 3603
3536 3604
3537 3605
3538 3606
3539 3607
3540 3608
3541 3609
3542 3611
3543 3612
3544 3613
3545 3614
3546 3615
3547 3616
3548 3617
3549 3618
3550 3619
3551 3621
3552 3622
3553 3623
3554 3624
3555 3625
3556 3626
3557 3627
3558 3628
3559 3629
3560 3630
3561 3631
3562 3632
3563 3633
3564 3634
3565 3635
3566 3636
3567 3637
3568 3638
3569 3639
3570 3641
3571 3642
3572 3643
3573 3644
3574 3645
3575 3646
3576 3647
3577 3648
3578 3649
3579 3650
3580 3651
3581 3652
3582 3653
3583 3654
3584 3655
3585 3656
3586 3657
3587 3658
3588 3659
3589 3661
3590 3662
3591 3663
3592 3664
3593 3665
3594 3666
3595 3667
3596 3668
3597 3669
3598 3671
3599 3672
3600 3673
3601 3674
3602 3675
3603 3676
3604 3677
3605 3678
3606 3679
3607 3680
3608 3681
3609 3682
3610 3683
3611 3684
3612 3685
3613 3686
3614 3687
3615 3688
3616 3689
3617 3691
3618 3692
3619 3693
3620 3694
3621 3695
3622 3696
3623 3697
3624 3698
3625 3699
3626 3701
3627 3702
3628 3703
3629 3704
3630 3705
3631 3706
3632 3707
3633 3708
3634 3709
3635 3711
3636 3712
3637 3713
3638 3714
3639 3715
3640 3716
3641 3717
3642 3718
3643 3719
3644 3720
3645 3721
3646 3722
3647 3723
3648 3724
3649 3725
3650 3726
3651 3727
3652 3728
3653 3729
3654 3730
3655 3731
3656 3732
3657 3733
3658 3734
3659 3735
3660 3736
3661 3737
3662 3738
3663 3739
3664 3740
3665 3741
3666 3742
3667 3743
3668 3744
3669 3745
3670 3746
3671 3747
3672 3748
3673 3749
3674 3751
3675 3752
3676 3753
3677 3754
3678 3755
3679 3756
3680 3757
3681 3758
3682 3759
3683 3761
3684 3762
3685 3763
3686 3764
3687 3765
3688 3766
3689 3767
3690 3768
3691 3769
3692 3771
3693 3772
3694 3773
3695 3774
3696 3775
3697 3776
3698 3777
3699 3778
3700 3779
3701 3781
3702 3782
3703 3783
3704 3784
3705 3785
3706 3786
3707 3787
3708 3788
3709 3789
3710 3790
3711 3791
3712 3792
3713 3793
3714 3794
3715 3795
3716 3796
3717 3797
3718 3798
3719 3799
3720 3800
3721 3801
3722 3802
3723 3803
3724 3804
3725 3805
3726 3806
3727 3807
3728 3808
3729 3809
3730 3811
3731 3812
3732 3813
3733 3814
3734 3815
3735 3816
3736 3817
3737 3818
3738 3819
3739 3821
3740 3822
3741 3823
3742 3824
3743 3825
3744 3826
3745 3827
3746 3828
3747 3829
3748 3830
3749 3831
3750 3832
3751 3833
3752 3834
3753 3835
3754 3836
3755 3837
3756 3838
3757 3839
3758 3841
3759 3842
3760 3843
3761 3844
3762 3845
3763 3846
3764 3847
3765 3848
3766 3849
3767 3851
3768 3852
3769 3853
3770 3854
3771 3855
3772 3856
3773 3857
3774 3858
3775 3859
3776 3861
3777 3862
3778 3863
3779 3864
3780 3865
3781 3866
3782 3867
3783 3868
3784 3869
3785 3871
3786 3872
3787 3873
3788 3874
3789 3875
3790 3876
3791 3877
3792 3878
3793 3879
3794 3881
3795 3882
3796 3883
3797 3884
3798 3885
3799 3886
3800 3887
3801 3888
3802 3889
3803 3891